50 trees:
[[20, 0.16613671750604589], [54, 0.12160734893999114], [56, 0.1163817477228449], [26, 0.088337463372464731], [57, 0.073108994535760627], [55, 0.072295915812859657], [18, 0.05584823413279396], [66, 0.031795443107699065], [28, 0.024929742536228039], [5, 0.024638699510082806], [0, 0.013242278910190888], [1, 0.013083072935693838], [31, 0.011838601145468513], [78, 0.011239562089514748], [72, 0.010010154195498841], [76, 0.0098940132965437636], [52, 0.0085655794511778054], [27,
0.0083203769591584983], [2, 0.0080281146146021984], [71, 0.0079814636759321898], [51, 0.007831784308304569], [25, 0.0076115151383212443], [21, 0.0070979454594351232], [23, 0.0057316059616936334], [82, 0.0057189727327630014], [75, 0.005661326737202421], [15, 0.0054903018985000534], [53, 0.0052125555629228644], [4, 0.0043341745348696413], [83, 0.0042230014454090322], [80, 0.0042193054215517341], [29, 0.0037059718496228024], [42, 0.0033751313632193634], [81,
0.0032984067894093589], [7, 0.0027053456416571186], [33, 0.0024856662552646476], [3, 0.0024851599997756323], [36, 0.0024022670288351157], [74, 0.0023538994732864808], [32, 0.0022727188265307396], [34, 0.0022623801819590355], [73, 0.002259439340361759], [58, 0.0022567010328179435], [38, 0.0022406733444586885], [19, 0.0022159834473762089], [24, 0.0021934815467093156], [35, 0.0021141947095195436], [79, 0.0018990849288619571], [37, 0.0016794532402959188], [47,
0.0012688218900792415], [46, 0.0012257041742508353], [39, 0.0011218583349953788], [48, 0.0010757836975151254], [49, 0.001006730853841278], [44, 0.00093593275970289824], [40, 0.00090612387999452234], [22, 0.00089168936639211877], [45, 0.00078868960376020077], [12, 0.00078384404481559591], [43, 0.00072320903875570193], [30, 0.00068500775289119596], [41, 0.00059004958512512136], [17, 0.00057858741721894546], [70, 0.00053535964680338831], [60, 0.0005160547216738491], [65,
0.00037827634686024933], [6, 0.00022061252930160691], [61, 0.00018462747688850515], [62, 0.00016824081808230053], [77, 0.00012887085364323827], [59, 0.00012542985174786726], [68, 0.00010270758032355157], [9, 9.7277033704672365e-05], [8, 9.6412840429484602e-05], [63, 7.7775865925530492e-05], [10, 4.9305647296273761e-05], [50, 3.7514190965262518e-05], [69, 3.2181935162185952e-05], [13, 1.9572373326232143e-05], [67, 1.9086480528015229e-05], [16, 3.1881838128965809e-06], [64,
2.1641331962833917e-06], [14, 1.3364395034224736e-06], [11, 0.0]]

360 trees:
[[20, 0.18311603725864481], [26, 0.12717735717963297], [56, 0.099903789390479142], [55, 0.084973781717503041], [57, 0.07754369381631844], [54, 0.07528383565127951], [18, 0.044409785364078504], [66, 0.027932729108319201], [5, 0.023293153755867727], [28, 0.022297847472582122], [31, 0.01323834309563467], [76, 0.011884587003829569], [1, 0.011198546647600852], [51, 0.010358645679854128], [72, 0.010128551900326604], [82, 0.0086129545555331272], [52, 0.0082612589983404733], [78,
0.0074626584200140293], [25, 0.007264895136086416], [2, 0.0072412039663116998], [0, 0.0069553262351519903], [58, 0.0067954397073033612], [7, 0.0064997321865447677], [75, 0.0063467239663789468], [4, 0.0062029989152798106], [27, 0.0060571845914111503], [21, 0.0056416036987544617], [23, 0.0055115308014315476], [15, 0.0054523694477741896], [53, 0.005432725083752297], [80, 0.0049806323924809328], [83, 0.0049211374814017942], [29, 0.0042200013139684408], [81,
0.0041955695400207891], [46, 0.0037717480282962851], [71, 0.0034497719141399689], [42, 0.0028872143476570528], [33, 0.0028687886480334261], [40, 0.002614207835289691], [24, 0.0024811741143880893], [38, 0.0024688827014117862], [36, 0.002443629824056966], [3, 0.0024429654784608079], [74, 0.0023154690031269116], [34, 0.0022897692114365181], [32, 0.0022227204885584208], [45, 0.0021624320853796792], [44, 0.0019498762958885486], [37, 0.0018760404955282803], [19,
0.0018682187570807625], [35, 0.0015794823329531307], [77, 0.0015427743329571256], [39, 0.0014692459675871858], [41, 0.0012908623913551751], [73, 0.0012767323256684996], [48, 0.0011051917514200503], [47, 0.0011005173842602942], [60, 0.0010372288224156441], [49, 0.00097544544192075815], [79, 0.00095320348421896821], [43, 0.00088079198096712439], [30, 0.00087012369410557856], [22, 0.00083876354148268765], [12, 0.00065030438617955013], [70, 0.00059462977100227532], [65,
0.00048605972058574494], [61, 0.00047444388022465121], [17, 0.00046156168027446397], [6, 0.00034528403123065165], [59, 0.00020897246509553601], [8, 0.00020319042831846304], [68, 0.00017338456455063316], [62, 0.0001326590551980436], [9, 0.0001242502509136425], [63, 0.00010189933060451721], [10, 6.0476860616710805e-05], [50, 5.3462972617873424e-05], [69, 3.595366072500614e-05], [13, 3.5838624150500386e-05], [67, 1.8190352632008294e-05], [16, 6.5662301985552754e-06], [64,
1.6375188663176031e-06], [14, 1.2893508698490977e-06], [11, 4.070520831472102e-08]]

senior features:
360 tree:
[[24, 0.13749991907296863], [15, 0.13330553064167938], [30, 0.10840543003769446], [58, 0.092560065496782265], [61, 0.087771735353330771], [60, 0.068821992280595629], [59, 0.060937016445578529], [5, 0.047817453673542537], [22, 0.025819504392257806], [70, 0.024583550746296763], [32, 0.014886303521250054], [35, 0.012609508110488011], [55, 0.01207820034126357], [76, 0.011692438915233385], [1, 0.011024376216969735], [56, 0.0090600299933053848], [2, 0.0085772538360974968], [7,
0.0085232340245612447], [0, 0.0075909357393578528], [31, 0.0074094560874364123], [29, 0.0071237270295341475], [4, 0.0065933204407628192], [57, 0.0057230658378180565], [27, 0.0055355788591293651], [79, 0.0053432793278997892], [62, 0.0046488256283193129], [50, 0.0039250150563377665], [33, 0.0039184348438827728], [25, 0.0036945149515093859], [48, 0.0036877529018921047], [42, 0.0034604150004280557], [44, 0.0033588090298432597], [37, 0.0031080214991723153], [19,
0.0030238142547396535], [28, 0.0029534792530354565], [3, 0.0028212956751987057], [40, 0.0027250348172325172], [36, 0.0025926393499806242], [75, 0.0025549858601243672], [38, 0.0024392365156568475], [46, 0.0022847123794251904], [78, 0.0022846147723659389], [41, 0.0021861141825511082], [43, 0.0021564660666948702], [45, 0.0017289570665788916], [39, 0.0015695591760006261], [49, 0.0015430000999148699], [52, 0.0014273662894475981], [64, 0.0013773695319893712], [53,
0.0013631343516148353], [51, 0.0012555172677523711], [77, 0.0012312058204978318], [54, 0.00116371129036312], [47, 0.0010963166056435119], [23, 0.0010262133109324308], [26, 0.00097239887773703363], [34, 0.00095581841469072229], [65, 0.00070553531835428767], [74, 0.00066882613977016329], [69, 0.00053421880737775074], [16, 0.00044192017840146694], [6, 0.00040826993827093979], [21, 0.00029744076553298932], [8, 0.00026046284070492916], [63, 0.00019896998312065383], [66,
0.00013552716233875792], [72, 0.00012746717616596943], [9, 0.00011439933083449612], [67, 9.9432767773314956e-05], [10, 5.3918890864094158e-05], [14, 3.4763299054619453e-05], [73, 3.42552420075939e-05], [17, 2.2962862929890787e-05], [71, 2.1687584614669474e-05], [20, 5.3372890124275967e-06], [12, 2.4826956881476704e-06], [13, 1.9762820255053013e-06], [68, 1.4098387633682011e-06], [18, 1.0253383642641354e-06], [11, 5.3704642137180832e-08]]

